                        1   1100111111110111111  110011110 1                    
                         100 01111 11011100 1011110111000111                    
                     1 000110 1111 010110   0101011010111001                    
                      11000010010 100101     1111   11000010                    
                       010100110  0101010    1010001 1  0010000011              
                       11101  1    110  10  1 010110010  10011110               
                      1 0011 010    1  010 01011100010   11100 0                
                       110  11010   10 010010 110 010  01  0                    
                        01  0011    01001001011110 100010 10                    
                       011111111 0  010 0100101001111111110111                  
                     1110   00  1100010  1110010100 10011010                    
                       0         011010  1 0 1000111010011011                   
                                  00111  1   111100  1011100                    
                                    0 1 01001  00     1  1100                   
                                       110010             0111                  
                                      010010                1 1                 
                                       0110                                     
                                        1                                       
                                        1                                       
                                                                                